3.000000000000000000e+00
7.000000000000000000e+00
8.917000000000000000e+03
6.196000000000000000e+03
5.343000000000000000e+03
3.161000000000000000e+03
3.953000000000000000e+03
9.814000000000000000e+03
9.858000000000000000e+03
2.576000000000000000e+03
9.187000000000000000e+03
1.593000000000000000e+03
5.314000000000000000e+03
2.522000000000000000e+03
1.437000000000000000e+03
5.476000000000000000e+03
2.680000000000000000e+02
7.030000000000000000e+02
4.800000000000000000e+01
5.009000000000000000e+03
7.398000000000000000e+03
8.066000000000000000e+03
9.090000000000000000e+03
6.110000000000000000e+03
6.736000000000000000e+03
4.085000000000000000e+03
4.350000000000000000e+02
3.010000000000000000e+03
1.226000000000000000e+03
9.660000000000000000e+02
2.129000000000000000e+03
9.743000000000000000e+03
6.257000000000000000e+03
1.999000000000000000e+03
7.846000000000000000e+03
2.740000000000000000e+03
3.292000000000000000e+03
6.799000000000000000e+03
5.090000000000000000e+02
4.014000000000000000e+03
7.048000000000000000e+03
5.848000000000000000e+03
7.690000000000000000e+02
6.346000000000000000e+03
3.350000000000000000e+02
7.946000000000000000e+03
5.624000000000000000e+03
4.357000000000000000e+03
4.175000000000000000e+03
7.378000000000000000e+03
3.119000000000000000e+03
5.722000000000000000e+03
4.934000000000000000e+03
9.464000000000000000e+03
7.228000000000000000e+03
7.927000000000000000e+03
9.308000000000000000e+03
6.713000000000000000e+03
4.383000000000000000e+03
1.010000000000000000e+03
3.296000000000000000e+03
6.377000000000000000e+03
2.367000000000000000e+03
6.109000000000000000e+03
2.135000000000000000e+03
2.937000000000000000e+03
3.687000000000000000e+03
4.825000000000000000e+03
9.429000000000000000e+03
9.601000000000000000e+03
8.042000000000000000e+03
9.075000000000000000e+03
4.360000000000000000e+02
6.559000000000000000e+03
7.328000000000000000e+03
8.555000000000000000e+03
8.452000000000000000e+03
