8.330000000000000000e+02
5.267000000000000000e+03
5.962000000000000000e+03
7.406000000000000000e+03
6.548000000000000000e+03
6.215000000000000000e+03
1.455000000000000000e+03
7.648000000000000000e+03
5.079000000000000000e+03
5.845000000000000000e+03
4.455000000000000000e+03
4.664000000000000000e+03
3.596000000000000000e+03
5.206000000000000000e+03
8.061000000000000000e+03
3.944000000000000000e+03
3.761000000000000000e+03
4.493000000000000000e+03
5.475000000000000000e+03
6.028000000000000000e+03
5.387000000000000000e+03
1.030000000000000000e+03
7.465000000000000000e+03
5.781000000000000000e+03
5.683000000000000000e+03
6.488000000000000000e+03
6.011000000000000000e+03
1.940000000000000000e+02
7.307000000000000000e+03
4.365000000000000000e+03
8.348000000000000000e+03
5.896000000000000000e+03
9.130000000000000000e+02
6.275000000000000000e+03
3.334000000000000000e+03
1.392000000000000000e+03
2.898000000000000000e+03
5.758000000000000000e+03
1.422000000000000000e+03
6.536000000000000000e+03
2.740000000000000000e+02
8.324000000000000000e+03
4.902000000000000000e+03
5.029000000000000000e+03
2.034000000000000000e+03
3.987000000000000000e+03
9.885000000000000000e+03
2.810000000000000000e+03
3.928000000000000000e+03
4.231000000000000000e+03
6.860000000000000000e+03
1.873000000000000000e+03
7.444000000000000000e+03
3.182000000000000000e+03
6.175000000000000000e+03
1.093000000000000000e+03
1.560000000000000000e+03
1.274000000000000000e+03
5.080000000000000000e+03
9.272000000000000000e+03
2.977000000000000000e+03
1.856000000000000000e+03
1.559000000000000000e+03
1.054000000000000000e+03
1.100000000000000000e+03
9.399000000000000000e+03
2.642000000000000000e+03
5.605000000000000000e+03
8.698000000000000000e+03
6.073000000000000000e+03
2.606000000000000000e+03
5.588000000000000000e+03
5.266000000000000000e+03
3.068000000000000000e+03
9.119000000000000000e+03
3.059000000000000000e+03
7.672000000000000000e+03
3.639000000000000000e+03
9.066000000000000000e+03
3.042000000000000000e+03
7.706000000000000000e+03
4.000000000000000000e+02
8.158000000000000000e+03
4.186000000000000000e+03
2.340000000000000000e+02
2.836000000000000000e+03
9.286000000000000000e+03
3.983000000000000000e+03
5.336000000000000000e+03
1.081000000000000000e+03
2.859000000000000000e+03
8.530000000000000000e+02
3.006000000000000000e+03
3.272000000000000000e+03
6.716000000000000000e+03
4.913000000000000000e+03
2.788000000000000000e+03
3.900000000000000000e+01
1.425000000000000000e+03
9.999000000000000000e+03
8.439000000000000000e+03
3.458000000000000000e+03
3.452000000000000000e+03
8.753000000000000000e+03
6.909000000000000000e+03
4.250000000000000000e+03
2.369000000000000000e+03
8.559000000000000000e+03
2.233000000000000000e+03
3.445000000000000000e+03
6.589000000000000000e+03
5.309000000000000000e+03
3.685000000000000000e+03
4.397000000000000000e+03
7.432000000000000000e+03
4.581000000000000000e+03
8.194000000000000000e+03
8.857000000000000000e+03
9.951000000000000000e+03
4.532000000000000000e+03
3.373000000000000000e+03
7.560000000000000000e+02
9.212000000000000000e+03
8.566000000000000000e+03
7.702000000000000000e+03
2.100000000000000000e+03
8.207000000000000000e+03
1.182000000000000000e+03
6.710000000000000000e+02
1.110000000000000000e+02
4.810000000000000000e+03
1.456000000000000000e+03
2.324000000000000000e+03
9.594000000000000000e+03
6.971000000000000000e+03
4.475000000000000000e+03
6.167000000000000000e+03
7.511000000000000000e+03
7.191000000000000000e+03
3.501000000000000000e+03
1.838000000000000000e+03
9.215000000000000000e+03
7.336000000000000000e+03
4.776000000000000000e+03
3.171000000000000000e+03
9.543000000000000000e+03
5.131000000000000000e+03
7.799000000000000000e+03
4.389000000000000000e+03
6.229000000000000000e+03
5.030000000000000000e+02
3.500000000000000000e+01
8.066000000000000000e+03
9.457000000000000000e+03
8.818000000000000000e+03
6.344000000000000000e+03
7.855000000000000000e+03
8.582000000000000000e+03
2.181000000000000000e+03
4.349000000000000000e+03
4.795000000000000000e+03
7.587000000000000000e+03
5.853000000000000000e+03
2.888000000000000000e+03
8.535000000000000000e+03
7.129000000000000000e+03
9.967000000000000000e+03
1.756000000000000000e+03
6.697000000000000000e+03
4.278000000000000000e+03
4.098000000000000000e+03
4.438000000000000000e+03
2.206000000000000000e+03
7.294000000000000000e+03
8.030000000000000000e+03
7.615000000000000000e+03
2.901000000000000000e+03
5.268000000000000000e+03
8.302000000000000000e+03
4.615000000000000000e+03
6.383000000000000000e+03
9.039000000000000000e+03
8.750000000000000000e+02
8.116000000000000000e+03
9.517000000000000000e+03
4.463000000000000000e+03
6.430000000000000000e+02
6.926000000000000000e+03
8.362000000000000000e+03
8.980000000000000000e+03
4.300000000000000000e+03
4.204000000000000000e+03
3.661000000000000000e+03
8.506000000000000000e+03
2.981000000000000000e+03
7.526000000000000000e+03
1.925000000000000000e+03
6.084000000000000000e+03
6.632000000000000000e+03
2.792000000000000000e+03
4.819000000000000000e+03
8.165000000000000000e+03
6.083000000000000000e+03
9.002000000000000000e+03
1.028000000000000000e+03
8.414000000000000000e+03
3.402000000000000000e+03
2.134000000000000000e+03
2.153000000000000000e+03
7.820000000000000000e+02
5.287000000000000000e+03
8.388000000000000000e+03
4.054000000000000000e+03
7.309000000000000000e+03
8.051000000000000000e+03
7.362000000000000000e+03
3.515000000000000000e+03
1.732000000000000000e+03
8.286000000000000000e+03
8.001000000000000000e+03
3.953000000000000000e+03
7.701000000000000000e+03
2.062000000000000000e+03
6.408000000000000000e+03
8.995000000000000000e+03
5.411000000000000000e+03
6.894000000000000000e+03
6.956000000000000000e+03
7.546000000000000000e+03
6.407000000000000000e+03
9.854000000000000000e+03
9.980000000000000000e+02
1.135000000000000000e+03
1.120000000000000000e+02
1.920000000000000000e+02
5.014000000000000000e+03
9.621000000000000000e+03
4.552000000000000000e+03
2.494000000000000000e+03
9.047000000000000000e+03
1.752000000000000000e+03
8.484000000000000000e+03
4.870000000000000000e+02
5.276000000000000000e+03
7.914000000000000000e+03
6.449000000000000000e+03
9.946000000000000000e+03
8.910000000000000000e+03
9.644000000000000000e+03
6.115000000000000000e+03
6.370000000000000000e+02
9.993000000000000000e+03
9.825000000000000000e+03
4.653000000000000000e+03
6.019000000000000000e+03
4.724000000000000000e+03
7.500000000000000000e+01
1.860000000000000000e+03
1.740000000000000000e+02
8.039000000000000000e+03
8.360000000000000000e+02
6.121000000000000000e+03
8.497000000000000000e+03
6.242000000000000000e+03
8.714000000000000000e+03
7.154000000000000000e+03
9.908000000000000000e+03
3.255000000000000000e+03
9.305000000000000000e+03
3.839000000000000000e+03
5.894000000000000000e+03
8.460000000000000000e+03
6.441000000000000000e+03
2.257000000000000000e+03
2.506000000000000000e+03
3.359000000000000000e+03
3.195000000000000000e+03
4.328000000000000000e+03
3.809000000000000000e+03
9.580000000000000000e+03
2.652000000000000000e+03
1.801000000000000000e+03
4.920000000000000000e+02
2.076000000000000000e+03
1.735000000000000000e+03
5.146000000000000000e+03
1.960000000000000000e+02
3.322000000000000000e+03
5.312000000000000000e+03
7.523000000000000000e+03
2.590000000000000000e+02
5.895000000000000000e+03
9.710000000000000000e+03
1.100000000000000000e+01
5.005000000000000000e+03
7.210000000000000000e+03
8.850000000000000000e+02
2.633000000000000000e+03
7.967000000000000000e+03
4.730000000000000000e+02
2.478000000000000000e+03
6.504000000000000000e+03
4.458000000000000000e+03
9.547000000000000000e+03
2.126000000000000000e+03
5.614000000000000000e+03
4.193000000000000000e+03
3.650000000000000000e+02
9.440000000000000000e+02
2.656000000000000000e+03
1.670000000000000000e+02
2.357000000000000000e+03
5.454000000000000000e+03
2.968000000000000000e+03
8.124000000000000000e+03
9.109000000000000000e+03
1.506000000000000000e+03
2.996000000000000000e+03
9.675000000000000000e+03
1.234000000000000000e+03
9.530000000000000000e+02
8.154000000000000000e+03
1.913000000000000000e+03
3.557000000000000000e+03
4.769000000000000000e+03
4.100000000000000000e+02
1.129000000000000000e+03
6.209000000000000000e+03
4.168000000000000000e+03
3.087000000000000000e+03
7.140000000000000000e+02
8.812000000000000000e+03
1.890000000000000000e+02
4.986000000000000000e+03
2.711000000000000000e+03
9.731000000000000000e+03
9.277000000000000000e+03
4.040000000000000000e+02
5.298000000000000000e+03
4.219000000000000000e+03
3.657000000000000000e+03
1.192000000000000000e+03
1.417000000000000000e+03
9.596000000000000000e+03
6.456000000000000000e+03
5.563000000000000000e+03
2.851000000000000000e+03
5.152000000000000000e+03
7.639000000000000000e+03
8.853000000000000000e+03
9.117000000000000000e+03
8.502000000000000000e+03
2.041000000000000000e+03
7.970000000000000000e+02
3.098000000000000000e+03
3.684000000000000000e+03
5.313000000000000000e+03
7.708000000000000000e+03
6.181000000000000000e+03
8.747000000000000000e+03
6.107000000000000000e+03
2.316000000000000000e+03
9.793000000000000000e+03
7.603000000000000000e+03
5.400000000000000000e+01
9.225000000000000000e+03
1.996000000000000000e+03
3.921000000000000000e+03
5.219000000000000000e+03
4.198000000000000000e+03
2.759000000000000000e+03
3.140000000000000000e+03
8.456000000000000000e+03
4.613000000000000000e+03
8.876000000000000000e+03
7.475000000000000000e+03
5.310000000000000000e+02
2.294000000000000000e+03
7.179000000000000000e+03
9.378000000000000000e+03
1.280000000000000000e+03
5.220000000000000000e+02
7.880000000000000000e+02
1.112000000000000000e+03
6.337000000000000000e+03
1.548000000000000000e+03
4.140000000000000000e+03
9.312000000000000000e+03
9.840000000000000000e+03
2.481000000000000000e+03
5.815000000000000000e+03
5.934000000000000000e+03
2.890000000000000000e+02
5.936000000000000000e+03
4.687000000000000000e+03
1.825000000000000000e+03
5.221000000000000000e+03
2.219000000000000000e+03
3.311000000000000000e+03
8.658000000000000000e+03
4.972000000000000000e+03
9.795000000000000000e+03
7.174000000000000000e+03
8.205000000000000000e+03
9.050000000000000000e+03
6.331000000000000000e+03
7.259000000000000000e+03
8.680000000000000000e+02
1.757000000000000000e+03
4.150000000000000000e+03
2.819000000000000000e+03
6.467000000000000000e+03
7.170000000000000000e+03
1.294000000000000000e+03
1.096000000000000000e+03
9.068000000000000000e+03
8.342000000000000000e+03
1.310000000000000000e+03
7.240000000000000000e+02
7.653000000000000000e+03
4.075000000000000000e+03
5.289000000000000000e+03
8.151000000000000000e+03
4.875000000000000000e+03
7.008000000000000000e+03
5.878000000000000000e+03
4.212000000000000000e+03
9.443000000000000000e+03
4.170000000000000000e+03
1.662000000000000000e+03
1.210000000000000000e+02
5.352000000000000000e+03
3.473000000000000000e+03
4.682000000000000000e+03
3.225000000000000000e+03
4.415000000000000000e+03
6.776000000000000000e+03
9.540000000000000000e+02
8.102000000000000000e+03
3.734000000000000000e+03
3.045000000000000000e+03
5.768000000000000000e+03
3.698000000000000000e+03
8.210000000000000000e+02
1.953000000000000000e+03
5.766000000000000000e+03
9.843000000000000000e+03
8.746000000000000000e+03
6.170000000000000000e+03
7.870000000000000000e+02
9.526000000000000000e+03
1.197000000000000000e+03
2.770000000000000000e+03
4.454000000000000000e+03
3.800000000000000000e+03
3.732000000000000000e+03
5.582000000000000000e+03
1.635000000000000000e+03
1.950000000000000000e+03
2.429000000000000000e+03
7.048000000000000000e+03
8.896000000000000000e+03
4.745000000000000000e+03
5.546000000000000000e+03
5.909000000000000000e+03
5.374000000000000000e+03
1.321000000000000000e+03
2.826000000000000000e+03
9.326000000000000000e+03
6.653000000000000000e+03
1.776000000000000000e+03
3.251000000000000000e+03
1.523000000000000000e+03
2.551000000000000000e+03
7.504000000000000000e+03
6.160000000000000000e+02
9.258000000000000000e+03
9.515000000000000000e+03
6.195000000000000000e+03
1.672000000000000000e+03
1.063000000000000000e+03
5.145000000000000000e+03
5.770000000000000000e+03
2.869000000000000000e+03
7.203000000000000000e+03
4.680000000000000000e+02
6.958000000000000000e+03
9.328000000000000000e+03
6.542000000000000000e+03
4.515000000000000000e+03
4.258000000000000000e+03
2.871000000000000000e+03
8.038000000000000000e+03
3.170000000000000000e+02
1.739000000000000000e+03
5.800000000000000000e+03
5.921000000000000000e+03
4.796000000000000000e+03
6.207000000000000000e+03
8.022000000000000000e+03
7.196000000000000000e+03
2.414000000000000000e+03
6.353000000000000000e+03
5.273000000000000000e+03
6.835000000000000000e+03
3.450000000000000000e+02
5.974000000000000000e+03
7.210000000000000000e+02
1.610000000000000000e+03
6.369000000000000000e+03
7.116000000000000000e+03
4.707000000000000000e+03
5.705000000000000000e+03
8.318000000000000000e+03
9.282000000000000000e+03
4.562000000000000000e+03
2.973000000000000000e+03
7.769000000000000000e+03
6.884000000000000000e+03
6.246000000000000000e+03
7.144000000000000000e+03
4.310000000000000000e+02
3.417000000000000000e+03
3.973000000000000000e+03
8.916000000000000000e+03
8.855000000000000000e+03
2.160000000000000000e+03
4.045000000000000000e+03
8.409000000000000000e+03
2.360000000000000000e+02
3.009000000000000000e+03
8.990000000000000000e+02
2.974000000000000000e+03
1.236000000000000000e+03
5.462000000000000000e+03
2.388000000000000000e+03
2.779000000000000000e+03
8.242000000000000000e+03
1.656000000000000000e+03
9.337000000000000000e+03
5.686000000000000000e+03
9.042000000000000000e+03
3.335000000000000000e+03
1.648000000000000000e+03
6.961000000000000000e+03
1.854000000000000000e+03
8.298000000000000000e+03
5.339000000000000000e+03
9.323000000000000000e+03
4.483000000000000000e+03
5.846000000000000000e+03
2.110000000000000000e+02
9.447000000000000000e+03
6.912000000000000000e+03
5.047000000000000000e+03
6.436000000000000000e+03
4.899000000000000000e+03
5.807000000000000000e+03
7.100000000000000000e+01
6.838000000000000000e+03
5.365000000000000000e+03
8.304000000000000000e+03
9.769000000000000000e+03
3.183000000000000000e+03
9.004000000000000000e+03
3.390000000000000000e+02
9.248000000000000000e+03
2.322000000000000000e+03
4.094000000000000000e+03
9.815000000000000000e+03
7.527000000000000000e+03
7.834000000000000000e+03
8.250000000000000000e+02
7.040000000000000000e+03
4.762000000000000000e+03
2.780000000000000000e+03
6.014000000000000000e+03
9.798000000000000000e+03
1.249000000000000000e+03
7.395000000000000000e+03
7.700000000000000000e+03
3.936000000000000000e+03
6.116000000000000000e+03
7.120000000000000000e+03
7.948000000000000000e+03
4.009000000000000000e+03
5.675000000000000000e+03
4.774000000000000000e+03
5.379000000000000000e+03
2.717000000000000000e+03
8.430000000000000000e+03
2.668000000000000000e+03
2.023000000000000000e+03
7.424000000000000000e+03
5.681000000000000000e+03
3.689000000000000000e+03
9.849000000000000000e+03
4.940000000000000000e+03
4.080000000000000000e+02
5.510000000000000000e+02
3.271000000000000000e+03
1.052000000000000000e+03
4.281000000000000000e+03
5.743000000000000000e+03
5.040000000000000000e+03
3.080000000000000000e+02
8.243000000000000000e+03
6.302000000000000000e+03
5.560000000000000000e+02
6.748000000000000000e+03
3.232000000000000000e+03
4.007000000000000000e+03
5.881000000000000000e+03
5.004000000000000000e+03
4.199000000000000000e+03
5.124000000000000000e+03
6.610000000000000000e+03
3.147000000000000000e+03
9.133000000000000000e+03
5.420000000000000000e+02
1.900000000000000000e+02
4.693000000000000000e+03
2.372000000000000000e+03
2.940000000000000000e+03
3.797000000000000000e+03
5.554000000000000000e+03
6.773000000000000000e+03
1.760000000000000000e+03
8.938000000000000000e+03
3.153000000000000000e+03
2.142000000000000000e+03
7.176000000000000000e+03
7.581000000000000000e+03
9.861000000000000000e+03
7.823000000000000000e+03
1.813000000000000000e+03
7.966000000000000000e+03
3.547000000000000000e+03
6.150000000000000000e+03
2.764000000000000000e+03
6.180000000000000000e+03
1.835000000000000000e+03
8.758000000000000000e+03
1.401000000000000000e+03
1.350000000000000000e+02
3.640000000000000000e+02
1.745000000000000000e+03
8.329000000000000000e+03
7.080000000000000000e+03
5.415000000000000000e+03
2.905000000000000000e+03
2.517000000000000000e+03
4.950000000000000000e+03
8.413000000000000000e+03
3.295000000000000000e+03
2.470000000000000000e+03
3.870000000000000000e+03
5.093000000000000000e+03
3.604000000000000000e+03
9.902000000000000000e+03
6.735000000000000000e+03
8.088000000000000000e+03
3.262000000000000000e+03
1.012000000000000000e+03
4.188000000000000000e+03
4.290000000000000000e+03
6.374000000000000000e+03
3.265000000000000000e+03
4.302000000000000000e+03
3.410000000000000000e+03
7.344000000000000000e+03
2.750000000000000000e+03
7.252000000000000000e+03
3.695000000000000000e+03
6.672000000000000000e+03
3.097000000000000000e+03
7.600000000000000000e+01
1.819000000000000000e+03
9.620000000000000000e+03
1.391000000000000000e+03
4.742000000000000000e+03
8.020000000000000000e+03
3.851000000000000000e+03
6.787000000000000000e+03
2.310000000000000000e+02
9.077000000000000000e+03
3.391000000000000000e+03
9.149000000000000000e+03
8.493000000000000000e+03
8.640000000000000000e+02
5.020000000000000000e+02
7.625000000000000000e+03
6.490000000000000000e+03
6.462000000000000000e+03
8.317000000000000000e+03
2.744000000000000000e+03
3.496000000000000000e+03
3.885000000000000000e+03
1.527000000000000000e+03
9.298000000000000000e+03
7.445000000000000000e+03
9.743000000000000000e+03
1.338000000000000000e+03
2.805000000000000000e+03
3.197000000000000000e+03
3.484000000000000000e+03
6.831000000000000000e+03
6.567000000000000000e+03
1.080000000000000000e+02
9.575000000000000000e+03
6.102000000000000000e+03
1.394000000000000000e+03
4.754000000000000000e+03
5.260000000000000000e+03
6.790000000000000000e+02
5.127000000000000000e+03
4.598000000000000000e+03
5.349000000000000000e+03
2.277000000000000000e+03
6.329000000000000000e+03
4.029000000000000000e+03
9.508000000000000000e+03
3.124000000000000000e+03
6.906000000000000000e+03
2.191000000000000000e+03
4.666000000000000000e+03
7.141000000000000000e+03
9.426000000000000000e+03
7.989000000000000000e+03
5.742000000000000000e+03
9.232000000000000000e+03
1.634000000000000000e+03
7.866000000000000000e+03
5.719000000000000000e+03
3.135000000000000000e+03
1.461000000000000000e+03
6.194000000000000000e+03
9.913000000000000000e+03
7.192000000000000000e+03
1.666000000000000000e+03
7.999000000000000000e+03
1.914000000000000000e+03
1.076000000000000000e+03
8.941000000000000000e+03
8.323000000000000000e+03
9.520000000000000000e+02
5.628000000000000000e+03
3.244000000000000000e+03
6.000000000000000000e+01
6.737000000000000000e+03
4.511000000000000000e+03
7.298000000000000000e+03
3.683000000000000000e+03
9.814000000000000000e+03
9.903000000000000000e+03
7.682000000000000000e+03
6.832000000000000000e+03
6.603000000000000000e+03
3.109000000000000000e+03
1.430000000000000000e+03
6.216000000000000000e+03
5.963000000000000000e+03
7.529000000000000000e+03
8.174000000000000000e+03
6.332000000000000000e+03
2.300000000000000000e+02
6.188000000000000000e+03
9.751000000000000000e+03
9.069000000000000000e+03
6.722000000000000000e+03
3.397000000000000000e+03
1.229000000000000000e+03
8.334000000000000000e+03
3.291000000000000000e+03
3.597000000000000000e+03
4.504000000000000000e+03
4.190000000000000000e+02
7.084000000000000000e+03
6.052000000000000000e+03
7.146000000000000000e+03
7.250000000000000000e+03
7.169000000000000000e+03
5.341000000000000000e+03
4.871000000000000000e+03
9.606000000000000000e+03
4.973000000000000000e+03
5.498000000000000000e+03
4.461000000000000000e+03
9.700000000000000000e+02
4.311000000000000000e+03
1.464000000000000000e+03
1.376000000000000000e+03
8.699000000000000000e+03
1.060000000000000000e+02
1.326000000000000000e+03
6.144000000000000000e+03
8.488000000000000000e+03
7.540000000000000000e+03
8.744000000000000000e+03
2.915000000000000000e+03
4.700000000000000000e+01
5.661000000000000000e+03
9.585000000000000000e+03
9.028000000000000000e+03
9.800000000000000000e+02
4.988000000000000000e+03
5.983000000000000000e+03
8.120000000000000000e+02
9.460000000000000000e+03
1.307000000000000000e+03
2.108000000000000000e+03
8.380000000000000000e+02
6.550000000000000000e+02
9.546000000000000000e+03
4.345000000000000000e+03
3.518000000000000000e+03
2.125000000000000000e+03
3.749000000000000000e+03
4.121000000000000000e+03
2.837000000000000000e+03
9.000000000000000000e+01
1.823000000000000000e+03
6.950000000000000000e+03
1.171000000000000000e+03
2.452000000000000000e+03
6.750000000000000000e+03
5.682000000000000000e+03
7.249000000000000000e+03
7.353000000000000000e+03
7.627000000000000000e+03
1.440000000000000000e+03
1.255000000000000000e+03
3.022000000000000000e+03
6.185000000000000000e+03
3.310000000000000000e+03
1.335000000000000000e+03
3.780000000000000000e+02
4.288000000000000000e+03
1.454000000000000000e+03
1.259000000000000000e+03
5.120000000000000000e+03
9.865000000000000000e+03
6.481000000000000000e+03
5.488000000000000000e+03
9.772000000000000000e+03
6.166000000000000000e+03
7.090000000000000000e+02
6.497000000000000000e+03
4.668000000000000000e+03
4.522000000000000000e+03
1.232000000000000000e+03
8.880000000000000000e+02
9.174000000000000000e+03
7.022000000000000000e+03
9.423000000000000000e+03
2.222000000000000000e+03
2.969000000000000000e+03
7.170000000000000000e+02
2.476000000000000000e+03
4.153000000000000000e+03
7.692000000000000000e+03
3.678000000000000000e+03
6.428000000000000000e+03
1.172000000000000000e+03
6.066000000000000000e+03
7.906000000000000000e+03
4.572000000000000000e+03
2.688000000000000000e+03
6.198000000000000000e+03
1.631000000000000000e+03
2.966000000000000000e+03
7.112000000000000000e+03
8.591000000000000000e+03
6.380000000000000000e+03
5.054000000000000000e+03
9.706000000000000000e+03
2.927000000000000000e+03
8.202000000000000000e+03
9.545000000000000000e+03
5.800000000000000000e+02
4.388000000000000000e+03
4.828000000000000000e+03
6.119000000000000000e+03
6.940000000000000000e+02
1.415000000000000000e+03
4.624000000000000000e+03
8.200000000000000000e+03
4.031000000000000000e+03
6.675000000000000000e+03
8.377000000000000000e+03
5.838000000000000000e+03
3.874000000000000000e+03
8.568000000000000000e+03
2.145000000000000000e+03
7.738000000000000000e+03
1.500000000000000000e+03
5.066000000000000000e+03
3.745000000000000000e+03
7.480000000000000000e+02
5.500000000000000000e+03
8.171000000000000000e+03
3.803000000000000000e+03
6.099000000000000000e+03
6.727000000000000000e+03
4.359000000000000000e+03
2.612000000000000000e+03
6.219000000000000000e+03
1.010000000000000000e+02
1.278000000000000000e+03
9.166000000000000000e+03
8.372000000000000000e+03
6.502000000000000000e+03
2.903000000000000000e+03
6.020000000000000000e+03
9.559000000000000000e+03
5.140000000000000000e+02
8.291000000000000000e+03
1.397000000000000000e+03
2.514000000000000000e+03
1.102000000000000000e+03
8.072000000000000000e+03
3.404000000000000000e+03
5.038000000000000000e+03
2.933000000000000000e+03
6.376000000000000000e+03
1.529000000000000000e+03
7.212000000000000000e+03
1.587000000000000000e+03
1.019000000000000000e+03
2.921000000000000000e+03
1.200000000000000000e+01
3.040000000000000000e+03
7.932000000000000000e+03
6.071000000000000000e+03
5.637000000000000000e+03
3.671000000000000000e+03
8.900000000000000000e+02
2.152000000000000000e+03
6.189000000000000000e+03
8.858000000000000000e+03
6.206000000000000000e+03
6.665000000000000000e+03
1.664000000000000000e+03
4.591000000000000000e+03
7.239000000000000000e+03
9.197000000000000000e+03
6.313000000000000000e+03
5.310000000000000000e+03
2.786000000000000000e+03
3.209000000000000000e+03
2.144000000000000000e+03
8.029000000000000000e+03
7.039000000000000000e+03
7.000000000000000000e+01
3.651000000000000000e+03
4.907000000000000000e+03
7.821000000000000000e+03
7.435000000000000000e+03
1.521000000000000000e+03
9.151000000000000000e+03
1.868000000000000000e+03
3.030000000000000000e+03
6.938000000000000000e+03
1.950000000000000000e+02
4.658000000000000000e+03
7.464000000000000000e+03
3.487000000000000000e+03
1.575000000000000000e+03
5.629000000000000000e+03
5.442000000000000000e+03
7.370000000000000000e+03
4.436000000000000000e+03
5.547000000000000000e+03
2.350000000000000000e+02
5.362000000000000000e+03
9.390000000000000000e+03
1.208000000000000000e+03
3.947000000000000000e+03
3.560000000000000000e+03
1.957000000000000000e+03
1.910000000000000000e+03
5.677000000000000000e+03
5.432000000000000000e+03
4.731000000000000000e+03
7.566000000000000000e+03
4.854000000000000000e+03
7.067000000000000000e+03
7.109000000000000000e+03
3.710000000000000000e+03
9.211000000000000000e+03
3.583000000000000000e+03
2.374000000000000000e+03
3.268000000000000000e+03
8.365000000000000000e+03
8.341000000000000000e+03
4.246000000000000000e+03
1.320000000000000000e+02
4.100000000000000000e+01
7.557000000000000000e+03
5.651000000000000000e+03